Epoch Loss Val_Loss LR
0 3.452e+03 1.252e+02 1.000e-03
1 7.714e+01 6.889e+01 1.000e-03
2 4.958e+01 4.053e+01 1.000e-03
3 3.840e+01 3.196e+01 1.000e-03
4 2.975e+01 3.496e+01 1.000e-03
5 2.618e+01 2.532e+01 1.000e-03
6 2.313e+01 2.396e+01 1.000e-03
7 2.086e+01 2.393e+01 1.000e-03
8 1.981e+01 1.665e+01 1.000e-03
9 1.941e+01 2.104e+01 1.000e-03
10 1.853e+01 3.340e+01 1.000e-03
11 1.816e+01 2.043e+01 1.000e-03
12 1.748e+01 2.013e+01 1.000e-03
13 1.717e+01 1.590e+01 1.000e-03
14 1.738e+01 4.526e+01 1.000e-03
15 1.748e+01 2.222e+01 1.000e-03
16 1.658e+01 1.433e+01 1.000e-03
17 1.662e+01 1.772e+01 1.000e-03
18 1.641e+01 1.505e+01 1.000e-03
19 1.651e+01 1.803e+01 1.000e-03
20 1.589e+01 1.721e+01 1.000e-03
21 1.592e+01 1.569e+01 1.000e-03
22 1.611e+01 1.468e+01 1.000e-03
23 1.556e+01 1.465e+01 1.000e-03
24 1.556e+01 1.407e+01 1.000e-03
25 1.596e+01 1.489e+01 1.000e-03
26 1.499e+01 2.349e+01 1.000e-03
27 1.533e+01 2.461e+01 1.000e-03
28 1.490e+01 1.699e+01 1.000e-03
29 1.561e+01 1.441e+01 1.000e-03
30 1.466e+01 1.424e+01 1.000e-03
31 1.485e+01 1.295e+01 1.000e-03
32 1.455e+01 1.381e+01 1.000e-03
33 1.467e+01 1.328e+01 1.000e-03
34 1.419e+01 1.327e+01 1.000e-03
35 1.460e+01 1.418e+01 1.000e-03
36 1.442e+01 1.681e+01 1.000e-03
37 1.426e+01 1.462e+01 1.000e-03
38 1.432e+01 1.755e+01 1.000e-03
39 1.436e+01 1.290e+01 1.000e-03
40 1.443e+01 1.402e+01 1.000e-03
41 1.361e+01 1.552e+01 1.000e-03
42 1.411e+01 1.414e+01 1.000e-03
43 1.440e+01 2.042e+01 1.000e-03
44 1.381e+01 1.338e+01 1.000e-03
45 1.340e+01 1.410e+01 1.000e-03
46 1.363e+01 2.191e+01 1.000e-03
47 1.332e+01 1.780e+01 1.000e-03
48 1.354e+01 1.266e+01 1.000e-03
49 1.341e+01 1.401e+01 1.000e-03
50 1.328e+01 1.258e+01 1.000e-03
51 1.318e+01 1.554e+01 1.000e-03
52 1.316e+01 1.383e+01 1.000e-03
53 1.297e+01 1.225e+01 1.000e-03
54 1.315e+01 2.688e+01 1.000e-03
55 1.308e+01 1.434e+01 1.000e-03
56 1.284e+01 1.277e+01 1.000e-03
57 1.249e+01 1.172e+01 1.000e-03
58 1.302e+01 1.372e+01 1.000e-03
59 1.276e+01 1.204e+01 1.000e-03
60 1.275e+01 1.633e+01 1.000e-03
61 1.265e+01 1.208e+01 1.000e-03
62 1.258e+01 1.134e+01 1.000e-03
63 1.238e+01 1.251e+01 1.000e-03
64 1.227e+01 1.564e+01 1.000e-03
65 1.238e+01 1.325e+01 1.000e-03
66 1.211e+01 1.121e+01 1.000e-03
67 1.211e+01 1.074e+01 1.000e-03
68 1.202e+01 1.303e+01 1.000e-03
69 1.209e+01 1.540e+01 1.000e-03
70 1.218e+01 1.153e+01 1.000e-03
71 1.154e+01 1.332e+01 1.000e-03
72 1.170e+01 1.334e+01 1.000e-03
73 1.174e+01 1.840e+01 1.000e-03
74 1.174e+01 1.289e+01 1.000e-03
75 1.168e+01 1.182e+01 1.000e-03
76 1.145e+01 1.119e+01 1.000e-03
77 1.193e+01 1.184e+01 1.000e-03
78 1.142e+01 1.279e+01 1.000e-03
79 1.129e+01 1.183e+01 1.000e-03
80 1.148e+01 1.082e+01 1.000e-03
81 1.138e+01 1.487e+01 1.000e-03
82 1.140e+01 1.269e+01 1.000e-03
83 1.105e+01 1.036e+01 1.000e-03
84 1.134e+01 1.052e+01 1.000e-03
85 1.128e+01 1.464e+01 1.000e-03
86 1.120e+01 1.106e+01 1.000e-03
87 1.125e+01 1.055e+01 1.000e-03
88 1.069e+01 1.378e+01 1.000e-03
89 1.094e+01 2.944e+01 1.000e-03
90 1.103e+01 9.688e+00 1.000e-03
91 1.109e+01 1.112e+01 1.000e-03
92 1.080e+01 1.095e+01 1.000e-03
93 1.074e+01 1.312e+01 1.000e-03
94 1.074e+01 9.487e+00 1.000e-03
95 1.078e+01 9.978e+00 1.000e-03
96 1.048e+01 1.125e+01 1.000e-03
97 1.046e+01 1.121e+01 1.000e-03
98 1.098e+01 1.683e+01 1.000e-03
99 1.050e+01 1.019e+01 1.000e-03
100 8.967e+00 1.004e+01 5.000e-04
101 9.053e+00 9.483e+00 5.000e-04
102 8.958e+00 1.035e+01 5.000e-04
103 8.900e+00 9.588e+00 5.000e-04
104 8.821e+00 8.812e+00 5.000e-04
105 8.904e+00 9.426e+00 5.000e-04
106 9.039e+00 9.184e+00 5.000e-04
107 8.870e+00 9.343e+00 5.000e-04
108 8.768e+00 9.216e+00 5.000e-04
109 8.625e+00 1.073e+01 5.000e-04
110 8.747e+00 9.576e+00 5.000e-04
111 8.821e+00 9.049e+00 5.000e-04
112 8.734e+00 8.479e+00 5.000e-04
113 8.743e+00 9.048e+00 5.000e-04
114 8.886e+00 1.077e+01 5.000e-04
115 8.685e+00 9.160e+00 5.000e-04
116 8.630e+00 1.304e+01 5.000e-04
117 8.672e+00 9.346e+00 5.000e-04
118 8.691e+00 9.900e+00 5.000e-04
119 8.623e+00 9.643e+00 5.000e-04
120 8.500e+00 1.182e+01 5.000e-04
121 8.550e+00 9.164e+00 5.000e-04
122 8.620e+00 8.891e+00 5.000e-04
123 8.626e+00 8.391e+00 5.000e-04
124 8.501e+00 8.583e+00 5.000e-04
125 8.440e+00 1.624e+01 5.000e-04
126 8.556e+00 8.483e+00 5.000e-04
127 8.520e+00 9.376e+00 5.000e-04
128 8.560e+00 9.917e+00 5.000e-04
129 8.419e+00 9.554e+00 5.000e-04
130 8.391e+00 9.396e+00 5.000e-04
131 8.569e+00 8.394e+00 5.000e-04
132 8.391e+00 8.949e+00 5.000e-04
133 8.338e+00 8.886e+00 5.000e-04
134 8.306e+00 8.967e+00 5.000e-04
135 8.403e+00 8.595e+00 5.000e-04
136 8.332e+00 9.604e+00 5.000e-04
137 8.445e+00 9.630e+00 5.000e-04
138 8.384e+00 8.259e+00 5.000e-04
139 8.286e+00 9.422e+00 5.000e-04
140 8.289e+00 8.846e+00 5.000e-04
141 8.379e+00 8.575e+00 5.000e-04
142 8.239e+00 8.434e+00 5.000e-04
143 8.302e+00 1.011e+01 5.000e-04
144 8.179e+00 9.078e+00 5.000e-04
145 8.192e+00 9.169e+00 5.000e-04
146 8.291e+00 8.380e+00 5.000e-04
147 8.192e+00 1.092e+01 5.000e-04
148 8.110e+00 8.366e+00 5.000e-04
149 8.150e+00 1.081e+01 5.000e-04
150 8.173e+00 8.606e+00 5.000e-04
151 8.083e+00 8.445e+00 5.000e-04
152 8.019e+00 8.295e+00 5.000e-04
153 8.131e+00 9.409e+00 5.000e-04
154 8.000e+00 8.454e+00 5.000e-04
155 7.981e+00 8.421e+00 5.000e-04
156 7.992e+00 8.493e+00 5.000e-04
157 8.024e+00 9.398e+00 5.000e-04
158 7.985e+00 9.010e+00 5.000e-04
159 8.053e+00 8.315e+00 5.000e-04
160 7.940e+00 8.686e+00 5.000e-04
161 8.190e+00 8.444e+00 5.000e-04
162 7.827e+00 9.427e+00 5.000e-04
163 7.920e+00 9.212e+00 5.000e-04
164 7.871e+00 9.132e+00 5.000e-04
165 7.869e+00 8.394e+00 5.000e-04
166 7.922e+00 8.191e+00 5.000e-04
167 8.011e+00 8.585e+00 5.000e-04
168 7.874e+00 9.084e+00 5.000e-04
169 7.878e+00 8.364e+00 5.000e-04
170 7.856e+00 7.889e+00 5.000e-04
171 7.827e+00 8.562e+00 5.000e-04
172 7.925e+00 8.069e+00 5.000e-04
173 7.810e+00 7.785e+00 5.000e-04
174 7.735e+00 8.382e+00 5.000e-04
175 7.745e+00 8.388e+00 5.000e-04
176 7.771e+00 9.333e+00 5.000e-04
177 7.803e+00 1.090e+01 5.000e-04
178 7.743e+00 7.990e+00 5.000e-04
179 7.834e+00 7.917e+00 5.000e-04
180 7.759e+00 8.955e+00 5.000e-04
181 7.795e+00 7.912e+00 5.000e-04
182 7.623e+00 7.831e+00 5.000e-04
183 7.738e+00 8.152e+00 5.000e-04
184 7.735e+00 8.620e+00 5.000e-04
185 7.677e+00 7.720e+00 5.000e-04
186 7.562e+00 8.724e+00 5.000e-04
187 7.628e+00 8.522e+00 5.000e-04
188 7.641e+00 8.231e+00 5.000e-04
189 7.700e+00 8.307e+00 5.000e-04
190 7.674e+00 8.250e+00 5.000e-04
191 7.547e+00 9.825e+00 5.000e-04
192 7.608e+00 8.222e+00 5.000e-04
193 7.533e+00 8.275e+00 5.000e-04
194 7.514e+00 1.009e+01 5.000e-04
195 7.768e+00 8.230e+00 5.000e-04
196 7.424e+00 8.232e+00 5.000e-04
197 7.504e+00 7.699e+00 5.000e-04
198 7.551e+00 8.790e+00 5.000e-04
199 7.571e+00 7.629e+00 5.000e-04
200 6.782e+00 7.639e+00 2.500e-04
201 6.845e+00 7.351e+00 2.500e-04
202 6.759e+00 8.123e+00 2.500e-04
203 6.791e+00 8.323e+00 2.500e-04
204 6.766e+00 7.644e+00 2.500e-04
205 6.784e+00 8.362e+00 2.500e-04
206 6.795e+00 7.410e+00 2.500e-04
207 6.694e+00 7.462e+00 2.500e-04
208 6.718e+00 7.332e+00 2.500e-04
209 6.732e+00 7.547e+00 2.500e-04
210 6.708e+00 7.595e+00 2.500e-04
211 6.691e+00 7.287e+00 2.500e-04
212 6.676e+00 7.600e+00 2.500e-04
213 6.668e+00 7.660e+00 2.500e-04
214 6.666e+00 7.821e+00 2.500e-04
215 6.651e+00 7.390e+00 2.500e-04
216 6.684e+00 7.367e+00 2.500e-04
217 6.655e+00 7.764e+00 2.500e-04
218 6.643e+00 7.645e+00 2.500e-04
219 6.634e+00 7.432e+00 2.500e-04
220 6.636e+00 7.312e+00 2.500e-04
221 6.650e+00 7.725e+00 2.500e-04
222 6.623e+00 7.382e+00 2.500e-04
223 6.687e+00 7.530e+00 2.500e-04
224 6.572e+00 7.915e+00 2.500e-04
225 6.635e+00 7.370e+00 2.500e-04
226 6.643e+00 7.724e+00 2.500e-04
227 6.633e+00 7.187e+00 2.500e-04
228 6.619e+00 7.506e+00 2.500e-04
229 6.613e+00 7.177e+00 2.500e-04
230 6.597e+00 8.334e+00 2.500e-04
231 6.513e+00 7.493e+00 2.500e-04
232 6.555e+00 7.707e+00 2.500e-04
233 6.537e+00 7.252e+00 2.500e-04
234 6.541e+00 7.346e+00 2.500e-04
235 6.642e+00 7.331e+00 2.500e-04
236 6.576e+00 7.323e+00 2.500e-04
237 6.534e+00 7.332e+00 2.500e-04
238 6.540e+00 7.211e+00 2.500e-04
239 6.545e+00 7.315e+00 2.500e-04
240 6.544e+00 7.171e+00 2.500e-04
241 6.495e+00 7.698e+00 2.500e-04
242 6.598e+00 7.309e+00 2.500e-04
243 6.529e+00 8.386e+00 2.500e-04
244 6.480e+00 7.212e+00 2.500e-04
245 6.531e+00 7.432e+00 2.500e-04
246 6.488e+00 7.249e+00 2.500e-04
247 6.526e+00 7.175e+00 2.500e-04
248 6.483e+00 7.010e+00 2.500e-04
249 6.455e+00 7.440e+00 2.500e-04
250 6.493e+00 7.769e+00 2.500e-04
251 6.450e+00 7.547e+00 2.500e-04
252 6.372e+00 7.066e+00 2.500e-04
253 6.503e+00 8.083e+00 2.500e-04
254 6.490e+00 7.647e+00 2.500e-04
255 6.446e+00 7.164e+00 2.500e-04
256 6.452e+00 7.807e+00 2.500e-04
257 6.448e+00 7.170e+00 2.500e-04
258 6.486e+00 7.196e+00 2.500e-04
259 6.374e+00 7.742e+00 2.500e-04
260 6.406e+00 7.209e+00 2.500e-04
261 6.441e+00 7.346e+00 2.500e-04
262 6.452e+00 7.402e+00 2.500e-04
263 6.378e+00 7.824e+00 2.500e-04
264 6.378e+00 7.534e+00 2.500e-04
265 6.541e+00 7.251e+00 2.500e-04
266 6.334e+00 7.696e+00 2.500e-04
267 6.403e+00 7.608e+00 2.500e-04
268 6.431e+00 7.599e+00 2.500e-04
269 6.352e+00 7.218e+00 2.500e-04
270 6.416e+00 7.919e+00 2.500e-04
271 6.388e+00 7.074e+00 2.500e-04
272 6.344e+00 7.086e+00 2.500e-04
273 6.298e+00 7.113e+00 2.500e-04
274 6.340e+00 7.137e+00 2.500e-04
275 6.395e+00 7.102e+00 2.500e-04
276 6.361e+00 7.333e+00 2.500e-04
277 6.363e+00 7.305e+00 2.500e-04
278 6.300e+00 7.430e+00 2.500e-04
279 6.345e+00 6.966e+00 2.500e-04
280 6.351e+00 7.412e+00 2.500e-04
281 6.353e+00 7.433e+00 2.500e-04
282 6.369e+00 7.031e+00 2.500e-04
283 6.263e+00 7.542e+00 2.500e-04
284 6.333e+00 6.883e+00 2.500e-04
285 6.305e+00 7.107e+00 2.500e-04
286 6.308e+00 7.610e+00 2.500e-04
287 6.269e+00 7.190e+00 2.500e-04
288 6.394e+00 7.789e+00 2.500e-04
289 6.307e+00 8.063e+00 2.500e-04
290 6.283e+00 7.887e+00 2.500e-04
291 6.314e+00 7.400e+00 2.500e-04
292 6.356e+00 7.371e+00 2.500e-04
293 6.340e+00 6.776e+00 2.500e-04
294 6.302e+00 8.012e+00 2.500e-04
295 6.307e+00 7.052e+00 2.500e-04
296 6.223e+00 7.311e+00 2.500e-04
297 6.260e+00 7.344e+00 2.500e-04
298 6.296e+00 6.923e+00 2.500e-04
299 6.334e+00 6.799e+00 2.500e-04
300 5.874e+00 6.796e+00 1.250e-04
301 5.857e+00 6.813e+00 1.250e-04
302 5.859e+00 6.962e+00 1.250e-04
303 5.869e+00 6.911e+00 1.250e-04
304 5.874e+00 6.819e+00 1.250e-04
305 5.859e+00 6.867e+00 1.250e-04
306 5.868e+00 6.862e+00 1.250e-04
307 5.848e+00 6.863e+00 1.250e-04
308 5.846e+00 6.795e+00 1.250e-04
309 5.861e+00 6.780e+00 1.250e-04
310 5.884e+00 6.823e+00 1.250e-04
311 5.839e+00 6.985e+00 1.250e-04
312 5.839e+00 7.162e+00 1.250e-04
313 5.904e+00 6.848e+00 1.250e-04
314 5.872e+00 6.749e+00 1.250e-04
315 5.831e+00 6.816e+00 1.250e-04
316 5.846e+00 7.076e+00 1.250e-04
317 5.830e+00 6.860e+00 1.250e-04
318 5.800e+00 6.691e+00 1.250e-04
319 5.830e+00 6.981e+00 1.250e-04
320 5.830e+00 8.507e+00 1.250e-04
321 5.798e+00 6.737e+00 1.250e-04
322 5.815e+00 6.745e+00 1.250e-04
323 5.784e+00 6.891e+00 1.250e-04
324 5.814e+00 6.929e+00 1.250e-04
325 5.826e+00 6.738e+00 1.250e-04
326 5.834e+00 6.901e+00 1.250e-04
327 5.796e+00 6.858e+00 1.250e-04
328 5.829e+00 6.796e+00 1.250e-04
329 5.773e+00 6.648e+00 1.250e-04
330 5.815e+00 6.944e+00 1.250e-04
331 5.806e+00 6.744e+00 1.250e-04
332 5.769e+00 6.950e+00 1.250e-04
333 5.768e+00 6.786e+00 1.250e-04
334 5.787e+00 6.753e+00 1.250e-04
335 5.782e+00 6.806e+00 1.250e-04
336 5.759e+00 6.782e+00 1.250e-04
337 5.760e+00 6.687e+00 1.250e-04
338 5.797e+00 6.822e+00 1.250e-04
339 5.796e+00 7.060e+00 1.250e-04
340 5.752e+00 6.691e+00 1.250e-04
341 5.779e+00 6.683e+00 1.250e-04
342 5.750e+00 6.997e+00 1.250e-04
343 5.800e+00 6.602e+00 1.250e-04
344 5.784e+00 7.398e+00 1.250e-04
345 5.774e+00 7.007e+00 1.250e-04
346 5.750e+00 6.815e+00 1.250e-04
347 5.773e+00 6.807e+00 1.250e-04
348 5.761e+00 6.676e+00 1.250e-04
349 5.770e+00 6.623e+00 1.250e-04
350 5.773e+00 6.754e+00 1.250e-04
351 5.760e+00 6.863e+00 1.250e-04
352 5.737e+00 7.094e+00 1.250e-04
353 5.806e+00 6.914e+00 1.250e-04
354 5.742e+00 6.690e+00 1.250e-04
355 5.758e+00 6.706e+00 1.250e-04
356 5.714e+00 6.749e+00 1.250e-04
357 5.747e+00 6.654e+00 1.250e-04
358 5.699e+00 6.808e+00 1.250e-04
359 5.716e+00 7.020e+00 1.250e-04
360 5.767e+00 6.798e+00 1.250e-04
361 5.726e+00 6.960e+00 1.250e-04
362 5.744e+00 6.804e+00 1.250e-04
363 5.732e+00 6.697e+00 1.250e-04
364 5.761e+00 6.738e+00 1.250e-04
365 5.702e+00 6.706e+00 1.250e-04
366 5.731e+00 6.537e+00 1.250e-04
367 5.756e+00 6.633e+00 1.250e-04
368 5.678e+00 6.938e+00 1.250e-04
369 5.718e+00 6.707e+00 1.250e-04
370 5.726e+00 6.765e+00 1.250e-04
371 5.702e+00 6.731e+00 1.250e-04
372 5.731e+00 6.604e+00 1.250e-04
373 5.697e+00 7.130e+00 1.250e-04
374 5.696e+00 6.905e+00 1.250e-04
375 5.699e+00 6.851e+00 1.250e-04
376 5.703e+00 6.697e+00 1.250e-04
377 5.674e+00 6.662e+00 1.250e-04
378 5.709e+00 6.641e+00 1.250e-04
379 5.693e+00 6.652e+00 1.250e-04
380 5.718e+00 6.848e+00 1.250e-04
381 5.673e+00 6.880e+00 1.250e-04
382 5.702e+00 6.949e+00 1.250e-04
383 5.674e+00 6.555e+00 1.250e-04
384 5.654e+00 6.648e+00 1.250e-04
385 5.693e+00 6.633e+00 1.250e-04
386 5.640e+00 7.209e+00 1.250e-04
387 5.649e+00 6.731e+00 1.250e-04
388 5.718e+00 6.544e+00 1.250e-04
389 5.681e+00 6.642e+00 1.250e-04
390 5.670e+00 6.625e+00 1.250e-04
391 5.661e+00 6.511e+00 1.250e-04
392 5.688e+00 7.283e+00 1.250e-04
393 5.669e+00 6.688e+00 1.250e-04
394 5.670e+00 6.640e+00 1.250e-04
395 5.705e+00 6.603e+00 1.250e-04
396 5.636e+00 6.660e+00 1.250e-04
397 5.663e+00 6.512e+00 1.250e-04
398 5.668e+00 6.618e+00 1.250e-04
399 5.660e+00 7.512e+00 1.250e-04
400 5.470e+00 6.648e+00 6.250e-05
401 5.457e+00 6.550e+00 6.250e-05
402 5.447e+00 6.458e+00 6.250e-05
403 5.465e+00 6.567e+00 6.250e-05
404 5.456e+00 6.460e+00 6.250e-05
405 5.436e+00 6.440e+00 6.250e-05
406 5.440e+00 6.689e+00 6.250e-05
407 5.459e+00 6.468e+00 6.250e-05
408 5.447e+00 6.441e+00 6.250e-05
409 5.429e+00 6.672e+00 6.250e-05
410 5.438e+00 6.528e+00 6.250e-05
411 5.437e+00 6.483e+00 6.250e-05
412 5.439e+00 6.585e+00 6.250e-05
413 5.425e+00 6.672e+00 6.250e-05
414 5.431e+00 6.455e+00 6.250e-05
415 5.437e+00 6.520e+00 6.250e-05
416 5.420e+00 6.407e+00 6.250e-05
417 5.418e+00 6.520e+00 6.250e-05
418 5.460e+00 6.446e+00 6.250e-05
419 5.400e+00 6.452e+00 6.250e-05
420 5.429e+00 6.439e+00 6.250e-05
421 5.433e+00 6.678e+00 6.250e-05
422 5.436e+00 6.527e+00 6.250e-05
423 5.418e+00 6.480e+00 6.250e-05
424 5.440e+00 6.620e+00 6.250e-05
425 5.423e+00 6.663e+00 6.250e-05
426 5.398e+00 6.511e+00 6.250e-05
427 5.416e+00 6.543e+00 6.250e-05
428 5.427e+00 6.503e+00 6.250e-05
429 5.402e+00 6.572e+00 6.250e-05
430 5.418e+00 6.465e+00 6.250e-05
431 5.402e+00 6.513e+00 6.250e-05
432 5.418e+00 6.429e+00 6.250e-05
433 5.433e+00 6.636e+00 6.250e-05
434 5.412e+00 6.434e+00 6.250e-05
435 5.417e+00 6.401e+00 6.250e-05
436 5.408e+00 6.536e+00 6.250e-05
437 5.408e+00 6.422e+00 6.250e-05
438 5.394e+00 6.520e+00 6.250e-05
439 5.405e+00 6.514e+00 6.250e-05
440 5.376e+00 6.530e+00 6.250e-05
441 5.398e+00 6.400e+00 6.250e-05
442 5.395e+00 6.553e+00 6.250e-05
443 5.410e+00 6.520e+00 6.250e-05
444 5.405e+00 6.474e+00 6.250e-05
445 5.416e+00 6.465e+00 6.250e-05
446 5.388e+00 6.413e+00 6.250e-05
447 5.395e+00 6.437e+00 6.250e-05
448 5.367e+00 6.728e+00 6.250e-05
449 5.414e+00 6.462e+00 6.250e-05
450 5.408e+00 6.594e+00 6.250e-05
451 5.401e+00 6.462e+00 6.250e-05
452 5.392e+00 6.424e+00 6.250e-05
453 5.382e+00 7.096e+00 6.250e-05
454 5.401e+00 6.431e+00 6.250e-05
455 5.370e+00 6.438e+00 6.250e-05
456 5.387e+00 6.621e+00 6.250e-05
457 5.381e+00 6.393e+00 6.250e-05
458 5.380e+00 6.404e+00 6.250e-05
459 5.396e+00 6.397e+00 6.250e-05
460 5.401e+00 6.462e+00 6.250e-05
461 5.377e+00 6.447e+00 6.250e-05
462 5.365e+00 6.389e+00 6.250e-05
463 5.382e+00 6.433e+00 6.250e-05
464 5.391e+00 6.455e+00 6.250e-05
465 5.377e+00 6.964e+00 6.250e-05
466 5.371e+00 6.479e+00 6.250e-05
467 5.359e+00 6.417e+00 6.250e-05
468 5.372e+00 6.455e+00 6.250e-05
469 5.397e+00 6.404e+00 6.250e-05
470 5.368e+00 6.535e+00 6.250e-05
471 5.373e+00 6.640e+00 6.250e-05
472 5.380e+00 6.501e+00 6.250e-05
473 5.377e+00 6.389e+00 6.250e-05
474 5.371e+00 6.547e+00 6.250e-05
475 5.349e+00 6.361e+00 6.250e-05
476 5.365e+00 6.430e+00 6.250e-05
477 5.352e+00 6.459e+00 6.250e-05
478 5.344e+00 6.641e+00 6.250e-05
479 5.356e+00 6.386e+00 6.250e-05
480 5.357e+00 6.437e+00 6.250e-05
481 5.383e+00 6.633e+00 6.250e-05
482 5.359e+00 6.454e+00 6.250e-05
483 5.358e+00 6.409e+00 6.250e-05
484 5.355e+00 6.375e+00 6.250e-05
485 5.378e+00 6.375e+00 6.250e-05
486 5.374e+00 6.393e+00 6.250e-05
487 5.336e+00 6.403e+00 6.250e-05
488 5.350e+00 6.378e+00 6.250e-05
489 5.361e+00 6.361e+00 6.250e-05
490 5.349e+00 6.402e+00 6.250e-05
491 5.341e+00 6.391e+00 6.250e-05
492 5.349e+00 6.564e+00 6.250e-05
493 5.340e+00 6.422e+00 6.250e-05
494 5.341e+00 6.918e+00 6.250e-05
495 5.351e+00 6.404e+00 6.250e-05
496 5.332e+00 6.431e+00 6.250e-05
497 5.346e+00 6.465e+00 6.250e-05
498 5.336e+00 6.406e+00 6.250e-05
499 5.341e+00 6.891e+00 6.250e-05
